G_BISGwhite,G_BISGblack,G_BISGhisp,G_BISGapi,G_BISGaian,G_BISGmulti,Y,Yhat
0.9461660871,0.0036000086,0.0315959596,0.0026134443,0.0014070121,0.0146174882,1,TRUE
0.1414765002,0.0034514761,0.84182924159999994,0.0052575015,0.0021545386,0.005830742,0,FALSE
2.137134e-4,3.2747523e-6,0.9994966202,1.20439e-5,2.674888e-4,6.8588815e-6,0,TRUE
0.0019341684,4.48275e-5,0.9975773983,3.040438e-4,0,1.39562e-4,0,TRUE
0.8891831215,0.0486712592,0.0263495456,0.0086613814,0,0.0271346924,0,FALSE
0.9556019116,0,0.0079336183,3.770806e-4,0,0.0360873895,1,FALSE
0.4702793745,0.4538041339,0.0177869004,0.004985511,0.021826254,0.0313178263,1,TRUE
0.9660898733,0.0083119439,0.0029253738,0.0010555091,8.853001e-4,0.0207319999,1,TRUE
0.9536861319,0.008972935,0.0204116839,0.0090987434,0.0013415253,0.0064889806,0,TRUE
0.4009733349,0.3278961148,0.1396129742,0.0884356539,0.0032352699,0.0398466523,0,FALSE
0.8740812257,0.0247958239,0.0607376395,0.0198479372,0.0039036668,0.0166337069,1,TRUE
0.0117398885,0.0045882619,0.9812755334,0.0012358533,1.926602e-4,9.678027e-4,0,FALSE
0.1798026351,0.8001183876,0.008033941,0.0010670347,3.451366e-4,0.010632865,0,FALSE
0.1924368193,0.0076936393,0.7527525476,0.0091714073,0.0011859181,0.0367596684,1,TRUE
0.0030041525,0.0026966777,0.9937279674,3.283392e-4,0,2.428632e-4,1,TRUE
0.9376675804,0.0130286485,0.0065107461,0.0230734006,0,0.0197196243,1,TRUE
0.8126671103,0.0682521629,0.00755726,2.296994e-4,0.0689922519,0.0423015154,1,TRUE
0.9480610868,0.0279226697,0.0048430318,6.240154e-4,0.0040442114,0.0145049848,0,FALSE
0.9763190986,0,0.0073427903,0,0.0043032191,0.012034892,1,FALSE
0.4606461383,0.3735815101,0.0809658154,0.0664875036,0.0019494669,0.0163695656,1,FALSE
0.9766695006,0.0038174228,0.0031868427,1.395931e-4,0.0018181666,0.0143684743,0,FALSE
0.9768690713,4.08009e-4,0.0021862442,4.002038e-4,0.0099914998,0.0101449718,0,TRUE
0.9691844371,0.0013881761,0.0110179834,0.008807445,1.163002e-4,0.0094856581,0,TRUE
0.081507414,0.0019450624,0.8685451756,0.0355375527,0,0.0124647953,0,FALSE
0.4411743131,0.4611517115,0.0506844096,0.009547338,0.0048280438,0.0326141841,0,FALSE
0.8877620803,0.0055765798,0.0676744831,0.0313105756,0,0.0076762811,1,TRUE
0.9923192459,0,7.211668e-4,1.982974e-4,5.367692e-4,0.0062245206,1,TRUE
0.9745750334,4.333788e-4,0.0058063395,0.0094951263,3.27016e-4,0.009363106,0,FALSE
0.8682729327,0.0165361977,0.0813302373,0.0139725261,8.560351e-4,0.019032071,0,FALSE
0.9001825018,0.0394746859,0.019293061,0.0275395727,0.0031199887,0.01039019,1,TRUE
0.4373636297,0.5411601667,0.006033203,0.0011543516,4.693766e-4,0.0138192723,1,TRUE
0.9591706757,0.0029791186,0.0074906667,5.921762e-4,0.0059229445,0.0238444183,0,FALSE
0.6306530766,0.294028109,0.041245054,5.716534e-4,0.006525647,0.02697646,1,TRUE
0.9854742114,0,0.0063487646,0.0020673909,0,0.0061096331,0,FALSE
0.0908130405,0.8939573907,0.0075075911,0.0023432644,0,0.0053787133,0,FALSE
0.0370843211,0.0337852005,0.9255204159,4.945188e-4,0,0.0031155437,0,FALSE
0.0047500837,7.140333e-4,0.9917774961,0.001655983,6.37221e-5,0.0010386818,0,FALSE
0.7122642541,0.0294451672,0.2394943844,4.892798e-4,0.0032727864,0.0150341282,0,FALSE
0.0023869685,1.909397e-4,0.9967756237,2.99234e-4,1.487195e-4,1.985146e-4,0,FALSE
0.9845219459,4.932187e-4,0.0015023941,4.721601e-4,0.0061618984,0.0068483827,1,TRUE
0.96413662,0.0105506885,0.0030016288,7.524481e-4,0,0.0215586145,0,FALSE
0.9859500719,5.73667e-5,0.0088181043,6.803031e-4,2.029714e-4,0.0042911826,0,FALSE
0.007096731,0.0060122449,0.0136629438,0.9574765392,1.317754e-4,0.0156197656,0,FALSE
0.9389141922,0.0180792582,0.0134556426,8.949813e-4,0.0020289949,0.0266269308,0,FALSE
0.995459199,6.84308e-5,9.267471e-4,2.301772e-4,2.531101e-4,0.0030623359,1,TRUE
0.9154704237,0.0380745291,0.0113713444,0.0073271695,0.0056794436,0.0220770896,1,TRUE
0.0051711367,0.9870880053,0.0018893512,0,0.0017317199,0.0041197868,1,TRUE
6.24411e-4,1.2729e-5,0.0036905492,0.9581953215,0,0.0374769893,1,FALSE
0.9505548698,0.0074255429,0.0146606848,0.0077403151,6.322297e-4,0.0189863578,1,FALSE
0.0130894184,0.0069583593,0.9779600298,4.471429e-4,5.486005e-4,9.964491e-4,1,TRUE
0.1811914928,0.7756792473,0.0132590009,0.015099452,7.499822e-4,0.0140208248,1,FALSE
3.30583e-4,0,0.9996197938,0,0,4.96232e-5,0,FALSE
0.1879645605,0.7370692625,0.0505805255,0.0021573497,0.0039142971,0.0183140047,1,TRUE
0.8307522315,0.1090639011,0.0271220172,0.0015419063000000001,0.0143063251,0.0172136188,0,TRUE
0.9351719354,0.0199244916,0.0180042913,0.0045793771,0.0052223883,0.0170975163,0,FALSE
0.060193158,0.0185205929,0.0127847376,0.7874392962,0.0286534899,0.0924087254,1,TRUE
0.9895242987,3.570008e-4,0.0019055557,5.75228e-4,0,0.0076379168,0,FALSE
0.6156919478,0.3603527888,0.0038079791,0.0025611635,0,0.0175861207,1,TRUE
0.0372659803,0.9219053963,0.0215111571,4.182881e-4,0.0018964327,0.0170027455,1,TRUE
0.867881451,0.0427618197,0.0550134952,0.0161155495,8.334382e-4,0.0173942464,1,TRUE
0.1214209598,0.012391254,0.6597832188,0.1827725309,0,0.0236320364,1,FALSE
0.0025055611,0.9923837968,6.259521e-4,1.131971e-4,0,0.0043714929,1,TRUE
0.0449568722,0.0033966436,0.0121138699,0.9232636044,3.107091e-4,0.0159583007,1,TRUE
0.9643847741,0.003984319,0.0106206791,4.919805e-4,0,0.0205182473,0,FALSE
0.8291446831,0.1470254758,0.009105431,0.0021675745,3.842681e-4,0.0121725673,1,TRUE
0.9796051224,9.912916e-4,0.0032716731,4.75454e-4,0.002932901,0.0127235579,1,TRUE
0.9699006779,2.0107e-4,0.0128012024,0.0058131432,9.462266e-4,0.0103376799,0,FALSE
0.9497667008,0.0260137792,0.0059300689,2.606147e-4,0.0073372492,0.0106915873,0,TRUE
0.9899380865,0.00104266,0.0020607374,0,0,0.0069585161,0,TRUE
0.9894330438,5.94811e-5,0.002348992,9.59225e-5,0.0011479,0.0069146606,1,TRUE
0.8673803772,0.1065183265,0.0038642891,0.0031051765,0.0015801906,0.0175516401,0,TRUE
0.0457523244,0.2754656677,0.6528625896,0.0070489137,0,0.0188705047,1,FALSE
0.6549602706,0.0386296728,0.1781041038,0.0968302338,0.0029574543,0.0285182647,0,TRUE
3.458718e-4,2.20005e-5,0.9994631852,1.336464e-4,2.92223e-5,6.0737524e-6,0,FALSE
0.93809087,0.0549272758,7.9238e-4,2.083708e-4,0,0.0059811033,1,TRUE
0.3231547923,0.4799236511,0.0077758346,0.0021131948,0.1199296878,0.0671028394,0,FALSE
0.9863392962,7.21205e-5,0.0029534497,0.0011108805,7.125101e-4,0.0088117429,0,TRUE
0.9367818643,0.0045403705,0.0226569827,0.0067357768,0.002035337,0.0272496687,1,TRUE
0.9856286919,0.0013524471,2.009895e-4,0.0010966647,6.371006e-4,0.0110841061,1,TRUE
0.9279815198,0.0391315503,0.0055388492,0.0129727381,6.412394e-4,0.0137341032,0,FALSE
0.7775535129,0.0179886271,0.0565739363,0.1260314021,0.0046054751,0.0172470465,0,FALSE
0.8940855898,0.0541542842,0.016391459,0.0220660957,1.332532e-4,0.0131693181,1,TRUE
0.4318573018,0.5450276233,0.0071173972,0.0022602598,0.0018017716,0.0119356463,1,TRUE
0.9803864217,0.0018240315,0.0043963782,0.0026696241,0.0012541942,0.0094693503,0,TRUE
0.9387643914,0.0325166849,0.0062189269,0.0014397739,0.0038759808,0.0171842421,0,FALSE
0.5579332792,0.3793912831,0.0357533557,0.0021691719,0.0034700915,0.0212828186,0,FALSE
0.6663827298,0.1851265748,0.0968918553,0.0056869494,0.0091427928,0.0367690978,0,TRUE
0.9802128164,7.885007e-4,0.0030997051,0.00092065790000000005,0.0096234813,0.0053548385,1,TRUE
0.0686845389,0.0033302491,0.0059824762,0.8901944952,0.003009582,0.0287986587,0,TRUE
0.9856198334,6.631287e-4,0.0135634285,1.536094e-4,0,0,1,FALSE
0.6123605536,0.3553639957,0.0118020149,6.384055e-4,6.385637e-4,0.0191964666,1,FALSE
0.0190813943,0.9731999329,3.698314e-4,1.426903e-4,7.38863e-4,0.0064672882,1,FALSE
0.0016407811,2.389584e-4,0.9967147892,9.147293e-4,3.164506e-4,1.742913e-4,0,TRUE
0.0087131207,0.0254153984,0.9632631346,0,0.0019970345,6.113118e-4,0,FALSE
0.0019347002,0.0490494873,0.9490158125,0,0,0,0,FALSE
0.0554939627,0.9291750022,0.0025336022,3.96766e-4,5.695884e-4,0.0118310785,1,FALSE
0.9849717367,0.0050180607,9.399219e-4,3.405192e-4,0.0037210422,0.0050087193,1,TRUE
0.1800008411,0.8084775334,0.0018968314,1.916527e-4,0.0021337226,0.0072994189,0,FALSE
0.0339485439,0.0017108339,0.0042517079,0.9336629764,0,0.0264259378,1,TRUE
0.9480675863,0,0.0126726953,0.0022775475,0,0.0369821709,1,FALSE
0.0339442644,0.0048902718,0.0049433207,0.9327418994,3.509482e-4,0.0231292956,1,TRUE
0.8954598129,0.0503529897,0.021234665,0.0019360308,0.01093223,0.0200842716,0,FALSE
0.0302839786,0.0101201077,0.8842968414,0.0714223478,4.512809e-4,0.0034254436,0,FALSE
0.988288146,0,0.0019295029,0,0.0038798027,0.0059025483,0,FALSE
0.0449151896,0.0824909325,0.852522029,0.0128399587,1.34495e-4,0.0070973952,0,FALSE
0.6654476313,0.302408648,0.0077399929,0.0023240876,0.0013121574,0.0207674827,0,FALSE
0.9883975929,1.913315e-4,0.001105824,6.498557e-4,6.568011e-4,0.0089985947,1,TRUE
0.6451419464,0.1736543614,0.1395232615,0.0066924763,0.0029268513,0.032061103,0,FALSE
0.0018592957,0.0011860907,0.9824912742,0.0140842539,6.10995e-5,3.179859e-4,1,FALSE
0.9968741959,2.068154e-4,2.487495e-4,5.48742e-5,1.425679e-4,0.0024727971,0,TRUE
0.919730638,0.0588731358,0.0022125259,0.0067173578,4.912507e-4,0.0119750919,1,FALSE
0.0061028425,0.0023922521,0.9892193301,0.0015564282,1.331135e-4,5.960336e-4,0,FALSE
0.4240435778,0.4923667814,0.0080793495,0.0341088081,0.0072257304,0.0341757527,1,TRUE
0.9911859254,0.00025013360000000003,0.002392471,2.940286e-4,8.637132e-4,0.0050137281,0,FALSE
0.6151382281,0.3132716285,0.036306412,0.002810718,0.0039331277,0.0285398858,1,FALSE
0.9627595205,0.0014817321,0.0154371488,0.0040874818,2.879845e-4,0.0159461323,0,TRUE
0.9842045527,4.430836e-4,0.0025048066,3.937679e-4,0,0.0124537891,0,TRUE
0.9060263742,0.0103242811,0.0688763304,0.0058515578,5.536006e-4,0.0083678559,0,FALSE
0.0162032397,0.002807115,0.9781928274,0.0020409158,1.004665e-4,6.554355e-4,0,FALSE
0.2519656497,0.5834696544,0.1290734826,0.011731087,0.004688478,0.0190716484,1,FALSE
0.1193630179,2.971683e-4,0.8649506298,0.0073437666,0.0022823644,0.005763053,0,TRUE
4.100166e-4,0,0.9995598091,2.32108e-5,0,6.9634832e-6,1,FALSE
0.8786911748,0.0715532092,0.0069575162,0.0010146352,0.014196281,0.0275871837,1,FALSE
0.8902385821,0.0056901488,0.0703632258,0.0077844625,0.0050951875,0.0208283934,1,TRUE
0.9123321324,0,0.0526401738,0,0.0154717223,0.0195559715,1,TRUE
0.0415614065,0.9148041749,0.0078098166,0.0019929824,0.0109069657,0.0229246539,1,TRUE
0.0424712729,0.9523763752,7.909501e-4,3.5934e-5,0.0011977682,0.0031276997,0,TRUE
0.1079950121,3.16714e-4,0.0273042929,0.7607172969,8.648254e-4,0.1028018586,0,FALSE
0.9896809044,0.0012230771,0.0034380824,0,0,0.0056579361,1,TRUE
0.9799118923,2.492569e-4,0.0077408947,0.0022248809,9.976513e-4,0.0088754239,0,TRUE
0.9691420489,0.0121163354,0.0068333667,5.238834e-4,0,0.0113843657,1,TRUE
0.8114135867,0.1622639755,0.0057500067,0.0016207427,9.593317e-4,0.0179923566,1,TRUE
0.6859731095,0.0015841639,0.086465281,0.2092471257,5.500597e-4,0.0161802602,0,FALSE
0.9459467575,0.0125174169,0.0165917296,2.689782e-4,0.0013451595,0.0233299583,1,FALSE
0.6159925486,0.0681138891,0.2254401447,0.0405802229,0.003848153,0.0460250417,0,FALSE
0.9954692238,6.796779e-4,9.058623e-4,3.790907e-4,0,0.0025661452,1,FALSE
0.8496289164,0.0894736234,0.0114437619,0.0011129986,0.0043188412,0.0440218585,0,FALSE
0.9890237176,0,0.0015172046,0.0022184769,3.803107e-4,0.0068602901,0,TRUE
0.6371685768,0.3004282992,0.0298388996,0.0016876883,0.0016628751,0.029213661,1,FALSE
0.0303166798,5.87675e-5,0.9682760664,9.093146e-4,0,4.391717e-4,1,TRUE
0.863975279,0.0638152649,0.0243882194,0.0196084975,0.0036179217,0.0245948175,1,TRUE
0.994148722,0,0.0022721612,2.296879e-4,0,0.003349429,0,FALSE
0.0044279374,5.228516e-4,0.0045113151,0.9826957869,1.73608e-5,0.0078247481,0,TRUE
0.5323423148,0.0452468398,0.2623742202,0.139332329,0,0.0207042961,0,FALSE
0.409098905,0.5592429747,0.0024987463,2.69088e-5,6.332515e-4,0.0284992137,0,FALSE
0.9751092412,0.0012275249,0.0055400048,0.0013105467,0.0017750272,0.0150376551,0,FALSE
0.7983663459,0.015559229,0.1596950246,5.815442e-4,0.0090711886,0.0167266677,1,FALSE
0.0093147084,0.0042019435,0.983860252,0.0018492012,7.04462e-5,7.034488e-4,0,FALSE
0.9444801701,0.0011763469,0.0449965991,9.317336e-4,0.0011156964,0.0072994539,1,TRUE
0.9238617444,0.0032846122,2.519013e-4,1.157551e-4,0.046304925500000003,0.0261810614,0,FALSE
0.0320504435,0.0196667478,0.9335995309,0.010290719,6.880347e-4,0.0037045241,1,TRUE
0.9461831255,0.0127364604,0.0085707105,0.0081504134,0.0010862746,0.0232730157,0,FALSE
0.976650521,0,0.0101988677,0.0023467044,0,0.010803907,1,TRUE
0.9556721479,0.0237726823,0.004330414,0.0010220839,0.0011134533,0.0140892186,0,FALSE
0.9680154345,0.0204182191,0.0026319623,0.0016176182,0.0013283232,0.0059884427,1,TRUE
0.6508557252,0.3282932429,0.0020177471,2.783946e-4,8.433611e-4,0.017711529,1,TRUE
0.1115546899,0.0128431438,0.842379575,0.0211446853,8.6973e-4,0.0112081761,1,TRUE
0.9174447494,0.0087397514,0.0128063426,0.0372001484,0.0012994417,0.0225095665,1,TRUE
0.0395274977,0.9456988895,0.003869223,0.0014058811,0.0015525635,0.0079459453,0,FALSE
0.0245285619,0.0022958744,0.9692905141,0.0025273828,2.225998e-4,0.001135067,0,FALSE
0.9474064572,7.453012e-4,0.0269691085,0,0,0.0248791331,1,TRUE
0.9676409368,0.0154714705,0.0149622726,1.642014e-4,0,0.0017611186,1,TRUE
0.9420136596,0.0265087579,0.0045074033,1.969517e-4,8.526266e-4,0.025920601,0,TRUE
0.2277660302,0.650992266,0.0993803721,0.0093654634,0.0014739364,0.0110219319,1,TRUE
0.9626716844,0,0.0243344693,8.39619e-5,0.0025106098,0.0103992745,0,FALSE
0.1172184135,0.0442322157,0.814422006,0.0190971602,0,0.0050302045,1,TRUE
0.9754024916,0.00365607,0.0015314181,7.72356e-5,0.0025038555,0.0168289293,1,TRUE
0.9353311626,0.0128476199,0.0192516827,0.0018698977,0.0043975708,0.0263020665,1,TRUE
0.9605634576,0.0046759662,0.0127669842,7.859649e-4,0.0051004409,0.0161071862,1,FALSE
0.8394156635,0.0120590258,0.0389925892,0.0248884126,0.0042208982,0.0804234107,0,FALSE
0.9346861531,0.028986651,0.0115477328,0.0057180873,0.0028093293,0.0162520465,0,FALSE
0.0412280865,2.075356e-4,0.0014104844,0.9125387817,9.20809e-5,0.0445230308,1,TRUE
0.7180394662,0.2569734068,0.0029037632,3.859269e-4,0.0019950391,0.0197023979,0,FALSE
0.0014207852,0.0057282206,0.990724398,0.0010781595,4.988615e-4,5.495751e-4,0,FALSE
0.911636643,0.0036383032,0.0069931382,0.0653471834,0,0.0123847322,1,FALSE
0.9473425578,3.507869e-4,0.0396163925,1.346701e-4,0.0012449268,0.0113106659,0,FALSE
0.0081483965,0.980173771,0.0036792786,2.786746e-4,0,0.0077198793,1,TRUE
0.1973796449,0.7814687721,0.0068597471,3.025736e-4,5.340524e-4,0.0134552099,0,FALSE
0.034030605,5.144908e-4,0.9638718828,4.060686e-4,1.456838e-4,0.001031269,1,TRUE
0.5746178433,0.3233269032,0.0701417141,0.0049236127,0,0.0269899267,0,FALSE
0.0105323111,7.199618e-4,0.9870893836,4.598617e-4,1.68438e-4,0.0010300437,1,FALSE
0.9225367943,0.0419881472,0.0045986698,6.117077e-4,0,0.030264681,1,TRUE
0.9208636371,0.0552030544,0.0052171332,0.0067080321,0.0012644548,0.0107436884,1,TRUE
0.9729088042,0.0014551595,0.0083034622,0.0034303333,9.225434e-4,0.0129796974,1,TRUE
0.9530806728,0.0275641315,0.0035034158,7.425603e-4,0.0010501863,0.0140590334,0,FALSE
0.0476680601,0.0027999641,0.0145533224,0.9051368257,1.637074e-4,0.0296781204,0,TRUE
0.6225896389,0.0396335969,0.0101296343,0.0013824262,0.2283671626,0.097897541,0,FALSE
0.1715814921,0.0070762912,0.0325715361,0.5491382214,0,0.2396324592,0,TRUE
0.8963701697,0.0747651496,0.0081239593,0.0019176259,9.081361e-4,0.0179149595,1,FALSE
0.9907287471,0,0.0036435666,5.512793e-4,0,0.005076407,0,FALSE
0.7814393546,0.1880124983,0.0024941877,0,0.0133371894,0.0147167699,0,FALSE
0.9774220392,0.0010134479,0.0100044194,0.0020832401,1.350083e-4,0.009341845,1,TRUE
0.0103610295,0.0021462217,0.9862571173,5.252553e-4,0,7.103761e-4,1,TRUE
0.9041425041,0.0540283686,0.0185363225,0.0026779254,0.0022990741,0.0183158053,0,FALSE
0.6116629504,0.3082446308,0.0439934798,0.0017960409,0.0082511758,0.0260517222,1,TRUE
0.8958219182,0.0141460139,0.0060377277,0.0080383953,0.030487688,0.0454682569,0,FALSE
0.9810278434,0.0069546271,3.524219e-4,1.390393e-4,0.0012209137,0.0103051546,0,TRUE
0.899119036,0.0018081879,0.0020418879,0.005557479,0.0545923226,0.0368810866,1,TRUE
0.9556480184,7.443048e-4,0.021415838,0.0032512406,0.0033911403,0.0155494578,0,FALSE
0.9808645601,1.9753e-5,0.0152772889,1.42826e-4,2.601232e-4,0.0034354488,1,TRUE
0.9307448068,0.0075531383,0.0145054345,0.0471966204,0,0,1,TRUE
0.9746872787,0.0011044265,0.012579088,0.0012125376,4.144078e-4,0.0100022615,0,FALSE
0.01802092459999999,0.0026739993,0.0013820721,0.9719181316,0,0.0060048723,1,TRUE
0.6330406448,0.2531888697,0.0143123691,0.0761398253,0.0055592933,0.0177589978,0,FALSE
0.0034888669,0.9852472011,0.0038032559,4.164616e-4,0,0.0070442144,1,FALSE
0.95027524,8.904014e-4,0.0066480139,0.001798145,0.0112803717,0.029107828,1,TRUE
0.0010004307,2.81343e-4,0.998267582,4.45608e-5,2.949929e-4,1.110907e-4,1,FALSE
0.9904131657,2.340896e-4,5.306208e-4,0.006674235,2.969196e-4,0.0018509692,0,TRUE
0.9473360379,0.0184680497,0.0062773857,9.581154e-4,0.0028958711,0.0240645401,1,TRUE
0.516439438,0.4637719285,0.002781706,0.0028134848,0,0.0141934427,0,FALSE
0.8222927776,0.0144040366,0.0761900112,0.0584084461,0.0034456259,0.0252591027,1,TRUE
0.0024337053,1.74097e-4,0.9964352448,7.015476e-4,0,2.554053e-4,1,TRUE
0.9655909584,0,0.0102085725,0.0030815929,0,0.0211188762,1,TRUE
0.9465877173,0.0038703948,0.0336617992,0.0145884167,0,0.0012916721,0,FALSE
0.0491903301,0.0048411561,0.9199023531,0.0228173024,0,0.0032488583,0,TRUE
0.0489122667,0.9378255575,0.0040513975,3.702431e-4,0.0017211566,0.0071193785,0,FALSE
0.0063517402,0.0012928267,0.9907383257,8.866834e-4,5.107457e-4,2.196783e-4,0,FALSE
0.9709764912,0.0013805965,0.0122310832,0.0035075044,6.591261e-4,0.0112451987,1,FALSE
0.8706988381,0.008251856,0.05035691,0.0644606613,5.909114e-4,0.0056408232,0,FALSE
0.9960552539,6.001511e-4,9.965116e-4,0,0,0.0023480834,1,TRUE
0.88061015,0.006656094,0.0020174244,6.334572e-4,0.0935501462,0.0165327281,0,FALSE
0.9394095785,0.0182970949,0.0067183934,0.0017539222,0.0113422985,0.0224787125,0,TRUE
0.1394761887,0.8196049325,0.0093577714,0.0020121338,0.0121118697,0.017437104,1,TRUE
0.0548778615,0.0692623756,0.8699808428,0.0017794025,0,0.0040995177,1,TRUE
0.6705427198,0.1291230758,0.0652003082,3.598953e-4,0.1087188473,0.0260551535,0,FALSE
0.8988212645,0.0419477869,0.0163019744,0.012501853,0,0.0304271212,1,FALSE
0.0439128701,0.0253442244,0.921888012,0.0026673731,0.0023124568,0.0038750635,1,TRUE
0.7307275966,0.1788015382,0.0641850495,0.0039080004,0.0041002882,0.018277527,0,FALSE
0.9857993883,0,0.003623083,5.194789e-4,7.597515e-4,0.0092982983,1,TRUE
0.1011879259,0.8901203582,0.0022787128,4.197867e-4,4.331392e-4,0.0055600772,1,FALSE
0.1583792958,0.8160347867,0.0108517065,0.0014536407,0.0013256426,0.0119549276,1,TRUE
0.7020610186,0.2634890109,0.0049435896,1.251515e-4,0.0034666621,0.0259145673,1,TRUE
0.9887981824,2.117624e-4,0.008027592,4.559564e-4,0,0.0025065068,1,TRUE
0.8421214424,0.0604105278,0.0297535103,0.0251504743,0.0100654338,0.0324986114,0,TRUE
0.017833959,0.5979380252,0.0422505991,0.3137837529,0.0028291679,0.0253644959,1,TRUE
0.9744988356,0.0077098061,0.0024732509,0.003570291,0,0.0117478165,0,FALSE
0.9525821365,0.0091118187,0.0158551718,0.0050093941,0.0021434826,0.0152979963,1,TRUE
0.860669649,7.772645e-4,0.0059342708,0.1172467449,0.0027730242,0.0125990466,0,FALSE
0.978881513,2.112567e-4,0.004323493,0.0022550985,0.0027178496,0.0116107892,1,TRUE
0.9827829864,0.0038344164,0,0,0,0.0133825972,0,TRUE
0.9661100978,0.006542037,0.0059768693,0.0081253183,1.149936e-4,0.0131306839,1,TRUE
0.7212677047,0.0016485126,0.2537285209,0.0040916112,0.0099798249,0.0092838257,1,TRUE
0.4100704788,0.0740041344,0.3662900691,0.1282347882,0.0016702501,0.0197302795,1,TRUE
0.001284514,0,0.9985301186,6.61019e-5,0,1.192654e-4,0,FALSE
0.7582655239,0.1883231569,0.0237452702,0.0064814022,4.431894e-4,0.0227414574,1,TRUE
0.9658421626,0.0030620027,0.0128959842,0.0017832262,0.0015603243,0.0148563001,1,TRUE
0.0224662667,0.0296399294,0.9385880691,0.0070183291,0,0.0022874057,0,FALSE
0.7884741829,0.0102837891,0.00157227,0,0.1374568252,0.0622129328,1,TRUE
0.9944086593,0,6.396053e-4,0,0,0.0049517354,0,FALSE
0.9827470429,6.73353e-5,0.0032196927,0.0021060834,6.066459e-4,0.0112531998,0,TRUE
0.2968164441,0.0046753583,0.6893086545,0.0068757229,0,0.0023238201,0,FALSE
0.9331813603,0.0149235889,0.0146321904,0.0016629822,0.0055814861,0.030018392,1,TRUE
0.897773898,0.0364923766,0.0423809528,0,0,0.0233527725,1,TRUE
0.976522839,0.003304537,0.001103054,1.584215e-4,0.0022541144,0.0166570341,1,FALSE
0.9389898784,0.0010956565,0.0289450209,0.0175027939,4.627289e-4,0.0130039215,0,FALSE
0.94492726950000006,0.0148222678,0.0095782908,0.0024856349,0.0024882277,0.0256983093,1,TRUE
0.9689252477,0.0034057036,0.0059318985,0.00206754,0,0.0196696102,0,FALSE
0.0118657517,0.9826899835,1.570698e-4,4.65487e-5,3.843237e-4,0.0048563226,0,TRUE
0.2805812602,0.0591608095,0.6501198702,0.0034994862,0,0.006638574,1,TRUE
0.5614657458,0.406480384,0.0094948549,4.975579e-4,0.001215103,0.0208463544,0,TRUE
0.7643088402,0.0590910706,0.144077873,0.0025494823,0.0096274103,0.0203453237,0,FALSE
0.9634780411,0.0023031562,0.0086405138,0.0078037846,0.0017312522,0.016043252,1,FALSE
0.001278933,0.0023369186,0.9959960472,7.45197e-5,0,3.135815e-4,1,TRUE
0.873701269,0.1007674316,0.0030621177,0,0.0049867305,0.0174824511,1,FALSE
0.8960186979,0.0189191126,0.0428695677,0.0204030535,0.003599857,0.0181897113,1,TRUE
0.5481593644,0.3937958047,0.0263560717,7.69234e-5,0.0028843591,0.0287274767,1,FALSE
0.8181635547,0.1365491412,0.0195081287,6.358368e-4,0.0049227719,0.0202205667,1,FALSE
0.0990144701,0.0191456329,0.1030047039,0.5950317338,0,0.1838034593,0,TRUE
0.0092940297,0.0085941998,0.9802440986,0.0011441929,2.059668e-4,5.175122e-4,0,FALSE
0.5302952721,0.4215383051,0.0114770913,8.277408e-4,7.730007e-4,0.03508859,1,FALSE
0.1796036948,0.0032886874,0.8048771868,0.0027551138,0.0044344996,0.0050408176,1,TRUE
0.8993327557,0.0642472127,0.0069023874,0.0046035915,0,0.0249140528,1,TRUE
0.896995731,0.0720479621,0.0021341673,5.41349e-4,0.0034590573,0.0248217333,1,FALSE
0.8346295925,0.0979013269,0.0094410257,3.16803e-4,0.0463731223,0.0113381296,1,TRUE
0.7708232684,0.1806733245,0.0122328604,0.0013696357,6.277067e-4,0.0342732043,1,TRUE
0.9653319051,0.0031905333,0.0012475129,6.1826e-5,0.0111681992,0.0190000235,1,TRUE
0.6281334678,0.2764018441,0.055012932,0.0034914869,0.002343824,0.0346164451,1,TRUE
0.9931385375,0.0048550229,0.0020064396,0,0,0,0,TRUE
0.5689585151,0.1297461553,0.0638275465,0.0023832618,0.0525961748,0.1824883465,0,FALSE
0.1141280082,0.0016927796,0.8590954369,0.0189632244,6.822398e-4,0.0054383111,0,FALSE
0.0065804726,0.9845404906,0.0019542301,3.006534e-4,5.511262e-4,0.006073027,0,FALSE
4.711385e-4,4.0158089e-6,0.9993126426,4.91442e-5,1.49174e-4,1.38848e-5,0,FALSE
0.9824904198,0,0.0031396918,7.44728e-4,0.0038879493,0.0097372111,1,TRUE
0.4669425708,0.0474214716,0.46679955,7.114829e-4,0.009024285,0.0091006397,0,FALSE
0.0442890165,0.0032906479,0.9475341661,0.0015509379,0.001336211,0.0019990206,1,TRUE
0.0274886035,8.32379e-4,0.9705058669,2.617781e-4,6.83011e-5,8.430713e-4,1,TRUE
0.0125585383,7.721777e-4,0.9807247844,0.0047554131,6.655194e-4,5.235671e-4,1,TRUE
0.0035657815,0.0112021431,0.9792777771,0.0056853326,0,2.689657e-4,0,FALSE
0.4480108685,0.0089365152,0.009057372,7.519969e-4,0.4756157169,0.0576275305,1,FALSE
0.9744670143,8.649473e-4,0.0166836623,9.61784e-4,1.843081e-4,0.006838284,0,TRUE
0.7522161098,0.2151788629,0.0065359946,0.0020650852,0.002424711,0.0215792364,1,FALSE
0.1617097366,0.0169485966,0.0301005627,0.6381725996,0,0.1530685044,0,FALSE
0.9683599118,0.0052156378,0.0056192308,0.005243279,4.358005e-4,0.0151261401,1,FALSE
0.975736279,0,0.0022739541,0.0016503755,0,0.0203393914,0,FALSE
0.3459731011,0.5641466654,0.0288368729,0.0185123378,0.0097777756,0.0327532472,0,FALSE
1.950526e-4,0,0.9996241823,0,1.448488e-4,3.59163e-5,1,TRUE
0.9100780053,0.037515546,0.0291367348,0.0086986864,5.541189e-4,0.0140169086,1,FALSE
0.2123112436,0.0862323992,0.1988119036,0.485405165,0,0.0172392886,0,FALSE
2.118838e-4,0.9958753398,4.102921e-4,2.55662e-5,3.95456e-4,0.003081462,1,FALSE
0.0202133285,0.1787467954,0.7897948169,0.0043140109,0.0031335017,0.0037975467,0,FALSE
0.0549233705,0.7281714181,0.1838132076,0.0124764197,9.408652e-4,0.0196747189,1,TRUE
0.86503998,0.1237505267,0.0031047492,6.46386e-5,0.0010423451,0.0069977604,1,FALSE
4.827827e-4,9.45225e-5,0.9991841825,2.204441e-4,0,1.80681e-5,1,TRUE
0.0196876283,0.0022419423,0.9760470829,2.676653e-4,5.766052e-4,0.001179076,1,TRUE
0.1138851636,0.0053721899,0.0236372189,0.752107269,0.0038905846,0.101107574,1,FALSE
0.6556661051,0.3395702191,0.0032067288,0,0,0.001556947,1,TRUE
9.183549e-4,0,0.9990816451,0,0,0,0,FALSE
0.0111351853,4.782754e-4,0.9869702702,4.052039e-4,3.191599e-4,6.919053e-4,0,FALSE
0.0299538723,1.050548e-4,0.0069406137,0.9278259097,4.089567e-4,0.0347655928,1,TRUE
0.1191460597,0.0103228676,0.0036200227,0.8330675297,0,0.0338435203,0,FALSE
0.9844705487,0.0037427641,0.0057514118,0.0016503881,3.077699e-4,0.0040771175,1,TRUE
0.3958230486,0.2545204559,0.2868667708,0.0271316785,0.0082030464,0.0274549998,1,TRUE
0.8106639184,0.109673141,0.0362393566,0.0051601998,0,0.0382633843,1,FALSE
0.9889076979,1.178278e-4,0.0053862061,2.448221e-4,0.0020953293,0.0032481168,0,FALSE
0.3692183843,0.001868981,0.1012071756,0.3462318251,3.285936e-4,0.1811450405,1,TRUE
0.0079940356,0.0099908609,0.9788375674,0.0022558354,0,9.217008e-4,0,FALSE
0.865699189,0.0139170669,0.0696256323,8.952545e-4,0.0081524523,0.041710405,0,TRUE
0.1250851014,3.030993e-4,0.0143006055,0.8221859663,9.7978e-4,0.0371454476,0,TRUE
0.0162906172,0.0445180319,0.0168952369,0.89120748,7.562166e-4,0.0303324175,0,FALSE
0.9733150221,0.0069843892,0.0067830348,0.0016716395000000001,2.957553e-4,0.0109501591,1,TRUE
0.9593625156,0.0047176407,0.0024188116,0.0020127595,0.0183287823,0.0131594904,0,FALSE
0.0029728592,0.0029651915,0.9932094131,3.664082e-4,2.28421e-5,4.63286e-4,0,FALSE
0.0028541581,0.0010514891,0.0081023158,0.9835749686,2.271759e-4,0.0041898925,0,TRUE
0.9627808801,0.024356846,0.0025706941,0.0015388333,5.268687e-4,0.0082258779,1,TRUE
0.9880236975,0,0.0011298193,3.554725e-4,0.0042728896,0.006218121,0,FALSE
0.9897082222,0,0.0055413305,0.0016734981,0,0.0030769491,0,FALSE
0.5922408887,0.3608702292,0.0082992304,0.0010202724,0.0023716403,0.0351977389,0,TRUE
0.5522410721,0.3997402647,0.0110714736,0.0060049236,5.738792e-4,0.0303683868,0,FALSE
0.0011310755,3.47181e-5,4.007705e-4,0.9965175052,4.25477e-5,0.0018733831,0,FALSE
0.0216664322,0.0068316739,0.8304245808,0.127239192,4.105251e-4,0.013427596,1,TRUE
7.756138e-4,4.60545e-5,0.9989437464,1.395118e-4,0,9.50735e-5,0,FALSE
0.6411534948,0.3059319803,0.0067883258,0.0020750476,0.0029158432,0.0411353083,0,FALSE
0.9885186912,8.281134e-4,0.0031228941,0.0012063766,1.151449e-4,0.0062087798,0,FALSE
0.3452332431,0.5704900669,0.0344260969,0.0027865565,0.011405786,0.0356582506,1,TRUE
0.8640758256,0.0763829222,0.01884423,0.0017680941,0,0.0389289281,1,TRUE
0.7954478606,0.0266738607,0.0473838909,0.0757926847,0.0116132686,0.0430884345,0,FALSE
0.0079684493,0.0333389928,0.0049367969,0.8971922787,7.989859e-4,0.0557644965,0,FALSE
0.9205984227,0.0364080949,0.0061949316,0.0020630082,0.0094490106,0.0252865319,0,FALSE
0.3022979252,0,0.6977020748,0,0,0,1,FALSE
0.042347647,8.83848e-5,0.957190384,3.735842e-4,0,0,0,FALSE
0.0244192731,8.632826e-4,0.9727168672,8.671284e-4,2.991901e-4,8.342586e-4,1,TRUE
0.4405872447,0.0821666601,0.3954590818,0.0422366743,0.0025960703,0.0369542689,1,TRUE
0.1910146746,0.745444232,0.0116697533,0.0015387205,0.0038654683,0.0464671514,1,TRUE
0.7238116827,0.233887817,0.0099063263,0.0049083683,8.183056e-4,0.0266675001,0,FALSE
0.6774819861,0.0217205868,0.2800803616,0.0142042742,9.017745e-4,0.0056110168,1,TRUE
0.9446557475,0.0331988296,0.0045520061,7.060339e-4,0,0.0168873828,1,FALSE
0.002307423,0.0040381533,0.9922846749,9.716317e-4,9.31928e-5,3.049243e-4,0,TRUE
1.7785e-5,0.9954578731,0.0030084754,7.1952525e-6,0,0.0015086712,0,FALSE
0.9796508254,0.0028244987,0.0037834891,0.0018183718,0.0023396119,0.009583203,0,FALSE
0.6367653927,0.2797044007,0.0439988063,0.0027994895,0.0066786717,0.030053239,0,FALSE
0.9190036261,0.0324078456,0.0127094002,2.881629e-4,0.0027750981,0.0328158671,0,FALSE
0.018005404,6.821593e-4,0.9787260196,0.0014138372,2.866114e-4,8.859686e-4,1,FALSE
0.9757206372,3.922114e-4,0.0143310447,3.106814e-4,6.299864e-4,0.0086154389,1,TRUE
0.9869845615,6.002042e-4,0.0058572526,6.779558e-4,0,0.0058800258,0,FALSE
0.0162080926,0.0010536334,0.0026293244,0.9514893371,1.666766e-4,0.028452936,1,TRUE
0.9231111234,0.0407295796,0.005781463,8.940842e-4,0,0.0294837497,0,TRUE
0.0199794931,0.0011279156,0.9740240036,0.0031391514,5.406106e-4,0.0011888257,0,FALSE
0.2881901826,0.0047833922,0.6773690361,0.0157154915,0.0034325564,0.0105093413,1,TRUE
0.2945703349,0.6568806611,0.031860691,0.0010718636,0.0012676242,0.0143488251,1,TRUE
0.9813480778,4.327219e-4,0.0060893598,7.485715e-4,0,0.0113812689,1,FALSE
0.0057928727,0.9864944965,0.0060658192,2.028596e-4,6.137208e-4,8.302311e-4,0,TRUE
0.8970917586,0.0407658722,0.017523003,0.0015615496,0.0015359805,0.0415218361,1,TRUE
0.005788592,3.521001e-4,0.9926070885,9.347985e-4,5.89891e-5,2.584318e-4,0,FALSE
0.980751915,0.0044917183,0.00357359,9.776262e-4,3.214333e-4,0.0098837172,1,TRUE
0.1508217578,0.0096762737,0.004263243,0.7422118865,3.534198e-4,0.0926734193,1,TRUE
0.0302760519,0.0051455646,0.9455362278,0.0174497982,0,0.0015923575,1,TRUE
0.7798743234,0.0457434703,0.011728651,0.0021250265,0.0967478036,0.0637807252,0,FALSE
0.9797831475,0.0020299355,0.0086938198,4.039149e-4,4.538522e-4,0.0086353302,0,FALSE
0.0021456014,0.9885029716,0.0012580207,0.0015905021,2.165248e-4,0.0062863793,1,FALSE
0.9411377146,0.0186612212,0.0039555602,6.438391e-4,0.012934248,0.0226674169,0,TRUE
0.9728158488,0.0060120322,0.0019786976,4.318178e-4,0.0027354854,0.0160261182,1,TRUE
0.8564879532,0.0038225944,0.0294255152,7.66496e-5,0.0862264364,0.0239608513,1,FALSE
0.9942274829,5.31135e-5,0.0049165113,1.732145e-4,6.296778e-4,0,1,TRUE
0.9695166084,0.0050730361,0.0075939676,0.0015159884,0.0027847666,0.0135156329,0,FALSE
0.5972014591,0.3139747322,0.0411268329,0.0055746964,0,0.0421222794,1,FALSE
0.782350908,0.0120498283,0.0634701428,0.1117479571,0.0039704387,0.0264107251,1,TRUE
0.1654147072,0.0029104483,0.7965711078,0.0305669826,0,0.004536754,0,FALSE
0.8949905533,0.0642122632,0.0143111427,0.0019525287,0,0.0245335121,0,FALSE
0.0096952727,1.017238e-4,0.989019218,5.117768e-4,2.239279e-4,4.480808e-4,0,TRUE
0.7837589118,0.1779018089,0.0093439361,0.0022127497,0.0017785551,0.0250040384,1,TRUE
0.7910028314,0.0846149084,0.0961096728,0.0012939408,0,0.0269786466,0,FALSE
0.0171401827,0.9699572424,0.0019083451,2.288335e-4,3.222775e-4,0.0104431189,0,TRUE
0.0011682569,1.113846e-4,0.0042501577,0.9917222848,9.8049269e-6,0.002738111,1,TRUE
0.0460105189,8.45236e-5,0.9458932166,0.0015845724,0.0049434686,0.0014837,0,TRUE
0.9706276599,3.730134e-4,0.0180957751,0.0011433585,6.662287e-4,0.0090939645,1,FALSE
0.7905068118,0.1579252636,0.0158575168,0.0015054921,0.0055889791,0.0286159366,0,FALSE
0.6448593885,0.1896008065,0.120231894,0.0041856212,0.0040014382,0.0371208515,0,TRUE
0.0206480149,5.783729e-4,0.9761372072,0.00065498590000000005,1.195247e-4,0.0018618943000000001,0,TRUE
0.7616833781,0.0110523121,0.1886736313,0.0149416395,0.0036686408,0.0199803983,1,TRUE
0.9330636555,0.0415898256,0.0038691772,0.0030830173,3.742968e-4,0.0180200275,0,TRUE
0.9836794317,0,0.0040384664,0.0014505537,6.019141e-4,0.0102296342,0,FALSE
0.7148178725,0.1422971794,0.0920919222,0.01480385,0,0.035989176,1,FALSE
0.963451468,0.014863956,0.0031400649,0.0017074518,0,0.0168370593,0,FALSE
0.8900257086,0.062267701,0.0137621248,4.812857e-4,0.0067246916,0.0267384883,1,TRUE
0.9747432538,0.001641995,0.0068124072,4.768811e-4,0.0010031686,0.0153222942,0,FALSE
0.0049562612,1.007741e-4,0.9880755068,0.0051496597,0.0010732331,6.445651e-4,1,FALSE
0.8514886628,0.015155708,0.0782047943,0.0311094283,0,0.0240414065,0,FALSE
9.893306e-4,2.89362e-5,0.9989034026,5.59572e-5,0,2.23735e-5,1,FALSE
0.2140499142,0.7594543698,2.564443e-4,0,0.013864404,0.0123748676,1,FALSE
0.00142295,0.00011618820000000001,0.9933319733,0.0050728841,1.96221e-5,3.63823e-5,1,TRUE
0.8750229562,0.0085175961,0.0040450309,0.0860613342,0.0029959106,0.0233571721,0,FALSE
0.8909608602,0.0312818943,0.0431367852,0.0145550331,0.0011051999,0.0189602272,0,FALSE
0.9897935579,0.0010967063,0.0032567633,0.0016336287,0,0.0042193438,0,FALSE
0.992612932,1.499524e-4,0.0025544634,3.984234e-4,6.044417e-4,0.003679787,1,TRUE
0.8140727686,1.854893e-4,0.1481965441,0.0252408735,6.152835e-4,0.0116890411,1,TRUE
0.0065754595,0.0032657117,0.0045513051,0.958450021,4.634668e-4,0.0266940359,0,FALSE
0.6977692699,0.237457358,0.0149127259,0.0167306754,0.0017603418,0.031369629,0,FALSE
0.6587135735,0.316485648,0.0012203588,5.522885e-4,0.0094659255,0.0135622058,0,FALSE
0.1108187325,0.0211551294,0.8370160007,0.0245403202,0.0012548273,0.0052149899,1,TRUE
0.9715764695,0.003789383,0.0023081112,0,0,0.0223260363,1,FALSE
0.0038185817,0.0028518487,0.9909334928,6.53599e-4,0.0010797424,6.627354e-4,1,TRUE
0.0081082062,5.433613e-4,0.003064325,0.9793089977,1.98901e-5,0.0089552198,1,TRUE
0.6647153563,0.1764437631,0.1066562851,5.659251e-4,0,0.0516186704,0,TRUE
0.8585163613,0,0.0710602522,9.11992e-4,0,0.0695113945,0,FALSE
0.2621456427,0.5385648169,0.1568111476,7.37891e-4,0.0118835512,0.0298569506,1,FALSE
0.9323091779,0.0110588141,0.0164469272,0.0014533263,0.0076492272,0.0310825273,1,TRUE
0.3877659189,0.0573149213,0.1064533876,0.4257512051,0.0038199263,0.0188946407,1,TRUE
7.548793e-4,0.9846568633,0.0107962466,2.832674e-4,1.170124e-4,0.003391731,0,FALSE
0.9508140915,0.0193300692,0.0041664397,0.0016462675,0.0073023594,0.0167407728,0,FALSE
0.9283526433,6.894101e-4,0.0453160363,0.0055005841,1.026832e-4,0.020038643,0,TRUE
0.8978640333,0,0.070177335,0.0238667149,0,0.0080919169,1,TRUE
0.9819097357,9.130127e-4,0.0043927932,2.570868e-4,0.0023113935,0.0102159781,1,FALSE
0.5731952753,0.3928999202,0.009426261,0.0049088161,0.0012043087,0.0183654187,1,TRUE
0.7900320541,2.854167e-4,0.2000777589,2.98208e-4,0.0021740803,0.0071324821,0,FALSE
0.0030366462,2.17175e-5,0.9968792544,0,0,6.23818e-5,0,FALSE
0.8277430729,0.007746736,0.0216773408,0.1237190467,0.0055604303,0.0135533733,0,TRUE
0.7035529179,0.2603162938,0.0144969469,0.0029105874,6.869083e-4,0.0180363457,0,FALSE
0.9304701038,0.049090397,0.0031507409,8.627592e-4,0.0012088532,0.0152171459,0,TRUE
0.6687056171,0.0321351359,0.0690699027,0.1861511812,0.0174835336,0.0264546295,0,TRUE
0.9519649948,0.0184274982,0.0126514451,0.0046001985,0.001335352,0.0110205115,1,TRUE
0.9294353967,0.0123642729,0.0094134601,0.0223985109,0.0027997236,0.0235886359,0,FALSE
0.9824923046,0.0044509787,0.0024262484,6.121109e-4,0.0013403634,0.008677994,0,FALSE
0.9643965862,0.0093328919,0.0141914586,0.0020984202,4.279362e-4,0.009552707,0,FALSE
0.8483657847,0.0732821646,0.0371191757,0.0127096848,0.0050541668,0.0234690234,1,TRUE
0.0184560089,2.99647e-4,0.0057189616,0.9703739549,6.11666e-4,0.0045397616,1,FALSE
4.797326e-4,3.2685e-5,0.9994777039,0,0,9.8784686e-6,0,TRUE
0.0121926496,0.0035727477,0.9829628782,4.967385e-4,0,7.74986e-4,1,TRUE
0.9193807352,0.0321111614,0.0078336765,0.0045823531,0.0031743866,0.0329176872,1,FALSE
0.0694502307,0.917724449,0.0019333452,3.642871e-4,5.286e-4,0.009999088,0,FALSE
0.3099305563,0.6466233349,0.0055926265,3.38364e-4,0.0033159046,0.0341992137,1,TRUE
0.8811821227,0.0570173808,0.0167660091,0.0229906613,0.0028166022,0.0192272239,1,TRUE
0.9923263983,2.315408e-4,7.218965e-4,6.254855e-4,8.234972e-4,0.0052711817,0,FALSE
0.7811149225,0.1816595517,0.0083994252,0,0.0078206053,0.0210054953,1,TRUE
0.9847488182,3.576412e-4,0.0014230562,5.751613e-4,0.0014191833,0.0114761398,0,FALSE
0.0118418932,0.0039671318,0.9798740776,0.0022543767,6.83405e-5,0.0019941802,1,TRUE
0.9842408143,0.003207923,0.0017310498,2.272831e-4,0.0026445375,0.0079483923,0,FALSE
0.9854376972,0.0023796553,0.0082385749,0,0,0.0039440727,1,TRUE
0.6632739223,0.2873721539,0.0109204986,0.0045571549,0,0.0338762702,1,TRUE
0.958787164,0.0237610652,0.0046623283,0.0020200855,0.0019699072,0.0087994497,1,TRUE
0.9122345903,0.031958163,0.0348555206,0.006681104,0,0.014270622,1,TRUE
0.0147323595,0.040161117,0.9436679005,4.183394e-4,1.774904e-4,8.427932e-4,1,TRUE
0.9828831162,4.32484e-4,0.0084738006,0.0015703033,0,0.0066402958,1,FALSE
0.7317407089,0.2137894554,0.0186837674,0.0016438884,0.0077870994,0.0263550805,0,FALSE
0.1966278826,0.7162445094,0.0563326231,0.0039421102,0.0028123225,0.0240405521,1,TRUE
0.0385418348,0.0065317749,0.9486502724,0.0037013492,5.129804e-4,0.0020617882,0,FALSE
0.699820468,0.2110514414,0.0279098759,0.0246991997,0.0028366125,0.0336824025,0,TRUE
0.0233259941,0.8940879862,0.0383272152,0.0071948065,0.0061881912,0.0308758069,1,TRUE
0.1365484931,0.1971442552,0.2912462026,0.355107375,0.0045671808,0.0153864934,1,TRUE
0.8283056149,0.0485863783,0.0390964707,0.0626882569,0.0017604492,0.01956283,0,TRUE
0.0108082137,0.0118031378,0.9743656619,8.563061e-4,9.836794e-4,0.0011830012,0,FALSE
0.9758037813,0.0107664612,0.003012081,0.0019939521,0,0.0084237242,0,FALSE
0.7415909903,0.0255077871,0.1735390285,0.0339387511,0.0014306426,0.0239928004,0,FALSE
0.9577763962,0.0043285146,0.0066041891,9.052556e-4,0.0095825962,0.0208030483,0,FALSE
0.9070704999,0.0434527313,0.0169107447,0.0152067636,7.041705e-4,0.01665509,1,TRUE
0.9636961625,0.003716519,0.006953097,0.005108426,0.0018101228,0.0187156728,0,FALSE
0.0138221452,0.0425141984,0.9389323125,0.0010978576,7.781124e-4,0.0028553739,0,FALSE
0.986124391,1.94641e-4,0.0033831929,6.88802e-5,0.0019030558,0.0083258391,0,FALSE
0.0268872887,0.0015459704,0.9692956994,3.389322e-4,9.304822e-4,0.001001627,0,TRUE
0.0018879284,1.782457e-4,0.9964346885,6.187342e-4,6.831152e-4,1.972879e-4,0,FALSE
0.8848901707,0.0063477034,0.0740565314,0.0067648671,0,0.0279407274,1,TRUE
5.85059e-4,0,0.9993525274,7.9802735e-6,4.55836e-5,8.8496957e-6,0,FALSE
0.0672779448,0.9222324082,2.297445e-4,0,0,0.0102599025,0,FALSE
9.571616e-4,0,0.9989269548,9.01178e-5,0,2.57658e-5,0,FALSE
0.996621276,0.001487791,0.001890933,0,0,0,1,FALSE
0.9047495745,0.0703473222,0.0081867985,5.652758e-4,0.0019255719,0.0142254571,0,FALSE
0.0094692006,6.682919e-4,8.338595e-4,0.9820442586,2.241887e-4,0.0067602006,0,TRUE
0.0075401723,3.891801e-4,0.9721351179,0.0191887809,1.705808e-4,5.76168e-4,1,TRUE
0.968573237,0.0033173161,0.0189638884,6.259545e-4,0.0011016308,0.0074179731,1,TRUE
0.0330521197,0.0021890926,0.0037454699,0.9486500274,6.09519e-5,0.0123023386,0,FALSE
0.9792155158,0.012991096,0.0025474042,5.002739e-4,0,0.0047457101,0,FALSE
0.6054606279,9.003835e-4,0.0179462026,0.001542451,0.3602786171,0.013871718,0,FALSE
0.9632566172,0.0058603366,0.0032883891,6.585425e-4,0.0056453653,0.0212907494,1,TRUE
0.9095980921,0.0330089947,0.0379817836,0.0027579783,0.0010311429,0.0156220084,1,TRUE
0.0082260322,5.659041e-4,0.9901328978,6.094676e-4,1.388827e-4,3.268156e-4,1,TRUE
0.9754044294,0.0016040337,0.0062705863,0.0019817939,0.0044367687,0.010302388000000001,0,FALSE
0.5569676344,0,6.937602e-4,0,0.4133303011,0.0290083044,0,FALSE
0.0428134254,4.387785e-4,0.0030726718,0.94435155,0,0.0093235744,1,FALSE
3.712625e-4,1.2382e-5,0.9995769301,0,0,3.94254e-5,1,TRUE
0.0068645193,0.0040178336,0.9822606811,0.0052343384,3.275051e-4,0.0012951224,0,FALSE
0.9852405459,3.28603e-5,0.0038493862,3.215421e-4,0.0026438245,0.007911841,0,FALSE
2.170995e-4,2.7736199e-6,0.9997782395,1.8873852e-6,0,0,1,TRUE
0.7617821235,0.1341565881,0.008846294,0.0756107516,0.0018341947,0.0177700481,1,TRUE
0.8569555901,0.1196791116,0.0046835503,0.0013563482,0.0034715131,0.0138538867,1,TRUE
7.640142e-4,3.239524e-4,0.9971666136,0.0016937742,0,5.16456e-5,1,TRUE
0.6350195042,0.332263829,0.0034524224,4.297086e-4,7.146806e-4,0.0281198552,0,FALSE
0.2791176777,0.2184984917,0.1456899703,0.3342287208,8.25687e-4,0.0216394526,0,TRUE
0.0247013005,1.679952e-4,0.9740986748,2.233646e-4,0,8.08665e-4,0,FALSE
0.0172370369,4.482454e-4,0.942665599,0.0318903391,0.0010496561,0.0067091236,1,TRUE
0.7716928623,0.0015820302,0.2067921734,4.54172e-4,0.004969401,0.0145093611,1,TRUE
0.9134781966,0.0463361416,0.0309357035,0.0030225238,4.24459e-4,0.0058029756,1,FALSE
0.931731058,0,0.0180194652,0.0281957542,0,0.0220537226,0,FALSE
